{
 "cells": [
  {
   "cell_type": "markdown",
   "metadata": {},
   "source": [
    "# Explore Data"
   ]
  },
  {
   "cell_type": "code",
   "execution_count": 1,
   "metadata": {
    "collapsed": true
   },
   "outputs": [],
   "source": [
    "import pandas as pd\n",
    "data = pd.read_csv('data.csv')\n",
    "%matplotlib inline"
   ]
  },
  {
   "cell_type": "code",
   "execution_count": 2,
   "metadata": {},
   "outputs": [
    {
     "data": {
      "text/html": [
       "<div>\n",
       "<style scoped>\n",
       "    .dataframe tbody tr th:only-of-type {\n",
       "        vertical-align: middle;\n",
       "    }\n",
       "\n",
       "    .dataframe tbody tr th {\n",
       "        vertical-align: top;\n",
       "    }\n",
       "\n",
       "    .dataframe thead th {\n",
       "        text-align: right;\n",
       "    }\n",
       "</style>\n",
       "<table border=\"1\" class=\"dataframe\">\n",
       "  <thead>\n",
       "    <tr style=\"text-align: right;\">\n",
       "      <th></th>\n",
       "      <th>date</th>\n",
       "      <th>device</th>\n",
       "      <th>failure</th>\n",
       "      <th>attribute1</th>\n",
       "      <th>attribute2</th>\n",
       "      <th>attribute3</th>\n",
       "      <th>attribute4</th>\n",
       "      <th>attribute5</th>\n",
       "      <th>attribute6</th>\n",
       "      <th>attribute7</th>\n",
       "      <th>attribute8</th>\n",
       "      <th>attribute9</th>\n",
       "    </tr>\n",
       "  </thead>\n",
       "  <tbody>\n",
       "    <tr>\n",
       "      <th>0</th>\n",
       "      <td>2015-01-01</td>\n",
       "      <td>S1F01085</td>\n",
       "      <td>0</td>\n",
       "      <td>215630672</td>\n",
       "      <td>56</td>\n",
       "      <td>0</td>\n",
       "      <td>52</td>\n",
       "      <td>6</td>\n",
       "      <td>407438</td>\n",
       "      <td>0</td>\n",
       "      <td>0</td>\n",
       "      <td>7</td>\n",
       "    </tr>\n",
       "    <tr>\n",
       "      <th>1</th>\n",
       "      <td>2015-01-01</td>\n",
       "      <td>S1F0166B</td>\n",
       "      <td>0</td>\n",
       "      <td>61370680</td>\n",
       "      <td>0</td>\n",
       "      <td>3</td>\n",
       "      <td>0</td>\n",
       "      <td>6</td>\n",
       "      <td>403174</td>\n",
       "      <td>0</td>\n",
       "      <td>0</td>\n",
       "      <td>0</td>\n",
       "    </tr>\n",
       "    <tr>\n",
       "      <th>2</th>\n",
       "      <td>2015-01-01</td>\n",
       "      <td>S1F01E6Y</td>\n",
       "      <td>0</td>\n",
       "      <td>173295968</td>\n",
       "      <td>0</td>\n",
       "      <td>0</td>\n",
       "      <td>0</td>\n",
       "      <td>12</td>\n",
       "      <td>237394</td>\n",
       "      <td>0</td>\n",
       "      <td>0</td>\n",
       "      <td>0</td>\n",
       "    </tr>\n",
       "    <tr>\n",
       "      <th>3</th>\n",
       "      <td>2015-01-01</td>\n",
       "      <td>S1F01JE0</td>\n",
       "      <td>0</td>\n",
       "      <td>79694024</td>\n",
       "      <td>0</td>\n",
       "      <td>0</td>\n",
       "      <td>0</td>\n",
       "      <td>6</td>\n",
       "      <td>410186</td>\n",
       "      <td>0</td>\n",
       "      <td>0</td>\n",
       "      <td>0</td>\n",
       "    </tr>\n",
       "    <tr>\n",
       "      <th>4</th>\n",
       "      <td>2015-01-01</td>\n",
       "      <td>S1F01R2B</td>\n",
       "      <td>0</td>\n",
       "      <td>135970480</td>\n",
       "      <td>0</td>\n",
       "      <td>0</td>\n",
       "      <td>0</td>\n",
       "      <td>15</td>\n",
       "      <td>313173</td>\n",
       "      <td>0</td>\n",
       "      <td>0</td>\n",
       "      <td>3</td>\n",
       "    </tr>\n",
       "  </tbody>\n",
       "</table>\n",
       "</div>"
      ],
      "text/plain": [
       "         date    device  failure  attribute1  attribute2  attribute3  \\\n",
       "0  2015-01-01  S1F01085        0   215630672          56           0   \n",
       "1  2015-01-01  S1F0166B        0    61370680           0           3   \n",
       "2  2015-01-01  S1F01E6Y        0   173295968           0           0   \n",
       "3  2015-01-01  S1F01JE0        0    79694024           0           0   \n",
       "4  2015-01-01  S1F01R2B        0   135970480           0           0   \n",
       "\n",
       "   attribute4  attribute5  attribute6  attribute7  attribute8  attribute9  \n",
       "0          52           6      407438           0           0           7  \n",
       "1           0           6      403174           0           0           0  \n",
       "2           0          12      237394           0           0           0  \n",
       "3           0           6      410186           0           0           0  \n",
       "4           0          15      313173           0           0           3  "
      ]
     },
     "execution_count": 2,
     "metadata": {},
     "output_type": "execute_result"
    }
   ],
   "source": [
    "data.head()"
   ]
  },
  {
   "cell_type": "code",
   "execution_count": 3,
   "metadata": {},
   "outputs": [
    {
     "name": "stdout",
     "output_type": "stream",
     "text": [
      "<class 'pandas.core.frame.DataFrame'>\n",
      "RangeIndex: 124494 entries, 0 to 124493\n",
      "Data columns (total 12 columns):\n",
      "date          124494 non-null object\n",
      "device        124494 non-null object\n",
      "failure       124494 non-null int64\n",
      "attribute1    124494 non-null int64\n",
      "attribute2    124494 non-null int64\n",
      "attribute3    124494 non-null int64\n",
      "attribute4    124494 non-null int64\n",
      "attribute5    124494 non-null int64\n",
      "attribute6    124494 non-null int64\n",
      "attribute7    124494 non-null int64\n",
      "attribute8    124494 non-null int64\n",
      "attribute9    124494 non-null int64\n",
      "dtypes: int64(10), object(2)\n",
      "memory usage: 11.4+ MB\n"
     ]
    }
   ],
   "source": [
    "data.info()"
   ]
  },
  {
   "cell_type": "code",
   "execution_count": 4,
   "metadata": {},
   "outputs": [
    {
     "data": {
      "text/html": [
       "<div>\n",
       "<style scoped>\n",
       "    .dataframe tbody tr th:only-of-type {\n",
       "        vertical-align: middle;\n",
       "    }\n",
       "\n",
       "    .dataframe tbody tr th {\n",
       "        vertical-align: top;\n",
       "    }\n",
       "\n",
       "    .dataframe thead th {\n",
       "        text-align: right;\n",
       "    }\n",
       "</style>\n",
       "<table border=\"1\" class=\"dataframe\">\n",
       "  <thead>\n",
       "    <tr style=\"text-align: right;\">\n",
       "      <th></th>\n",
       "      <th>failure</th>\n",
       "      <th>attribute1</th>\n",
       "      <th>attribute2</th>\n",
       "      <th>attribute3</th>\n",
       "      <th>attribute4</th>\n",
       "      <th>attribute5</th>\n",
       "      <th>attribute6</th>\n",
       "      <th>attribute7</th>\n",
       "      <th>attribute8</th>\n",
       "      <th>attribute9</th>\n",
       "    </tr>\n",
       "  </thead>\n",
       "  <tbody>\n",
       "    <tr>\n",
       "      <th>count</th>\n",
       "      <td>124494.000000</td>\n",
       "      <td>1.244940e+05</td>\n",
       "      <td>124494.000000</td>\n",
       "      <td>124494.000000</td>\n",
       "      <td>124494.000000</td>\n",
       "      <td>124494.000000</td>\n",
       "      <td>124494.000000</td>\n",
       "      <td>124494.000000</td>\n",
       "      <td>124494.000000</td>\n",
       "      <td>124494.000000</td>\n",
       "    </tr>\n",
       "    <tr>\n",
       "      <th>mean</th>\n",
       "      <td>0.000851</td>\n",
       "      <td>1.223868e+08</td>\n",
       "      <td>159.484762</td>\n",
       "      <td>9.940455</td>\n",
       "      <td>1.741120</td>\n",
       "      <td>14.222693</td>\n",
       "      <td>260172.858025</td>\n",
       "      <td>0.292528</td>\n",
       "      <td>0.292528</td>\n",
       "      <td>12.451524</td>\n",
       "    </tr>\n",
       "    <tr>\n",
       "      <th>std</th>\n",
       "      <td>0.029167</td>\n",
       "      <td>7.045960e+07</td>\n",
       "      <td>2179.657730</td>\n",
       "      <td>185.747321</td>\n",
       "      <td>22.908507</td>\n",
       "      <td>15.943021</td>\n",
       "      <td>99151.009852</td>\n",
       "      <td>7.436924</td>\n",
       "      <td>7.436924</td>\n",
       "      <td>191.425623</td>\n",
       "    </tr>\n",
       "    <tr>\n",
       "      <th>min</th>\n",
       "      <td>0.000000</td>\n",
       "      <td>0.000000e+00</td>\n",
       "      <td>0.000000</td>\n",
       "      <td>0.000000</td>\n",
       "      <td>0.000000</td>\n",
       "      <td>1.000000</td>\n",
       "      <td>8.000000</td>\n",
       "      <td>0.000000</td>\n",
       "      <td>0.000000</td>\n",
       "      <td>0.000000</td>\n",
       "    </tr>\n",
       "    <tr>\n",
       "      <th>25%</th>\n",
       "      <td>0.000000</td>\n",
       "      <td>6.127675e+07</td>\n",
       "      <td>0.000000</td>\n",
       "      <td>0.000000</td>\n",
       "      <td>0.000000</td>\n",
       "      <td>8.000000</td>\n",
       "      <td>221452.000000</td>\n",
       "      <td>0.000000</td>\n",
       "      <td>0.000000</td>\n",
       "      <td>0.000000</td>\n",
       "    </tr>\n",
       "    <tr>\n",
       "      <th>50%</th>\n",
       "      <td>0.000000</td>\n",
       "      <td>1.227957e+08</td>\n",
       "      <td>0.000000</td>\n",
       "      <td>0.000000</td>\n",
       "      <td>0.000000</td>\n",
       "      <td>10.000000</td>\n",
       "      <td>249799.500000</td>\n",
       "      <td>0.000000</td>\n",
       "      <td>0.000000</td>\n",
       "      <td>0.000000</td>\n",
       "    </tr>\n",
       "    <tr>\n",
       "      <th>75%</th>\n",
       "      <td>0.000000</td>\n",
       "      <td>1.833084e+08</td>\n",
       "      <td>0.000000</td>\n",
       "      <td>0.000000</td>\n",
       "      <td>0.000000</td>\n",
       "      <td>12.000000</td>\n",
       "      <td>310266.000000</td>\n",
       "      <td>0.000000</td>\n",
       "      <td>0.000000</td>\n",
       "      <td>0.000000</td>\n",
       "    </tr>\n",
       "    <tr>\n",
       "      <th>max</th>\n",
       "      <td>1.000000</td>\n",
       "      <td>2.441405e+08</td>\n",
       "      <td>64968.000000</td>\n",
       "      <td>24929.000000</td>\n",
       "      <td>1666.000000</td>\n",
       "      <td>98.000000</td>\n",
       "      <td>689161.000000</td>\n",
       "      <td>832.000000</td>\n",
       "      <td>832.000000</td>\n",
       "      <td>18701.000000</td>\n",
       "    </tr>\n",
       "  </tbody>\n",
       "</table>\n",
       "</div>"
      ],
      "text/plain": [
       "             failure    attribute1     attribute2     attribute3  \\\n",
       "count  124494.000000  1.244940e+05  124494.000000  124494.000000   \n",
       "mean        0.000851  1.223868e+08     159.484762       9.940455   \n",
       "std         0.029167  7.045960e+07    2179.657730     185.747321   \n",
       "min         0.000000  0.000000e+00       0.000000       0.000000   \n",
       "25%         0.000000  6.127675e+07       0.000000       0.000000   \n",
       "50%         0.000000  1.227957e+08       0.000000       0.000000   \n",
       "75%         0.000000  1.833084e+08       0.000000       0.000000   \n",
       "max         1.000000  2.441405e+08   64968.000000   24929.000000   \n",
       "\n",
       "          attribute4     attribute5     attribute6     attribute7  \\\n",
       "count  124494.000000  124494.000000  124494.000000  124494.000000   \n",
       "mean        1.741120      14.222693  260172.858025       0.292528   \n",
       "std        22.908507      15.943021   99151.009852       7.436924   \n",
       "min         0.000000       1.000000       8.000000       0.000000   \n",
       "25%         0.000000       8.000000  221452.000000       0.000000   \n",
       "50%         0.000000      10.000000  249799.500000       0.000000   \n",
       "75%         0.000000      12.000000  310266.000000       0.000000   \n",
       "max      1666.000000      98.000000  689161.000000     832.000000   \n",
       "\n",
       "          attribute8     attribute9  \n",
       "count  124494.000000  124494.000000  \n",
       "mean        0.292528      12.451524  \n",
       "std         7.436924     191.425623  \n",
       "min         0.000000       0.000000  \n",
       "25%         0.000000       0.000000  \n",
       "50%         0.000000       0.000000  \n",
       "75%         0.000000       0.000000  \n",
       "max       832.000000   18701.000000  "
      ]
     },
     "execution_count": 4,
     "metadata": {},
     "output_type": "execute_result"
    }
   ],
   "source": [
    "data.describe()\n",
    "#attribute7 and attribute8 have the same mean, std, min, etc. - duplicate data"
   ]
  },
  {
   "cell_type": "code",
   "execution_count": 5,
   "metadata": {
    "collapsed": true
   },
   "outputs": [],
   "source": [
    "#attribute1\n",
    "    #min = 0, max = very large (e^8)\n",
    "#attribute2\n",
    "    #\n",
    "#attribute3\n",
    "    #\n",
    "#attribute4\n",
    "    #\n",
    "#attribute5\n",
    "    #\n",
    "#attribute6 \n",
    "    #mileage\n",
    "#attribure7\n",
    "    #\n",
    "#attribute8\n",
    "    #\n",
    "#attribute9\n",
    "    #"
   ]
  },
  {
   "cell_type": "code",
   "execution_count": 6,
   "metadata": {
    "collapsed": true
   },
   "outputs": [],
   "source": [
    "#Data with date, device, failure columns removed - attributes only\n",
    "data_1 = data.drop(['date', 'device', 'failure'], axis=1)"
   ]
  },
  {
   "cell_type": "code",
   "execution_count": 7,
   "metadata": {},
   "outputs": [
    {
     "data": {
      "text/html": [
       "<div>\n",
       "<style scoped>\n",
       "    .dataframe tbody tr th:only-of-type {\n",
       "        vertical-align: middle;\n",
       "    }\n",
       "\n",
       "    .dataframe tbody tr th {\n",
       "        vertical-align: top;\n",
       "    }\n",
       "\n",
       "    .dataframe thead th {\n",
       "        text-align: right;\n",
       "    }\n",
       "</style>\n",
       "<table border=\"1\" class=\"dataframe\">\n",
       "  <thead>\n",
       "    <tr style=\"text-align: right;\">\n",
       "      <th></th>\n",
       "      <th>attribute1</th>\n",
       "      <th>attribute2</th>\n",
       "      <th>attribute3</th>\n",
       "      <th>attribute4</th>\n",
       "      <th>attribute5</th>\n",
       "      <th>attribute6</th>\n",
       "      <th>attribute7</th>\n",
       "      <th>attribute8</th>\n",
       "      <th>attribute9</th>\n",
       "    </tr>\n",
       "  </thead>\n",
       "  <tbody>\n",
       "    <tr>\n",
       "      <th>attribute1</th>\n",
       "      <td>1.000000</td>\n",
       "      <td>-0.004248</td>\n",
       "      <td>0.003702</td>\n",
       "      <td>0.001837</td>\n",
       "      <td>-0.003370</td>\n",
       "      <td>-0.001516</td>\n",
       "      <td>0.000151</td>\n",
       "      <td>0.000151</td>\n",
       "      <td>0.001122</td>\n",
       "    </tr>\n",
       "    <tr>\n",
       "      <th>attribute2</th>\n",
       "      <td>-0.004248</td>\n",
       "      <td>1.000000</td>\n",
       "      <td>-0.002617</td>\n",
       "      <td>0.146593</td>\n",
       "      <td>-0.013999</td>\n",
       "      <td>-0.026350</td>\n",
       "      <td>0.141367</td>\n",
       "      <td>0.141367</td>\n",
       "      <td>-0.002736</td>\n",
       "    </tr>\n",
       "    <tr>\n",
       "      <th>attribute3</th>\n",
       "      <td>0.003702</td>\n",
       "      <td>-0.002617</td>\n",
       "      <td>1.000000</td>\n",
       "      <td>0.097452</td>\n",
       "      <td>-0.006696</td>\n",
       "      <td>0.009027</td>\n",
       "      <td>-0.001884</td>\n",
       "      <td>-0.001884</td>\n",
       "      <td>0.532366</td>\n",
       "    </tr>\n",
       "    <tr>\n",
       "      <th>attribute4</th>\n",
       "      <td>0.001837</td>\n",
       "      <td>0.146593</td>\n",
       "      <td>0.097452</td>\n",
       "      <td>1.000000</td>\n",
       "      <td>-0.009773</td>\n",
       "      <td>0.024870</td>\n",
       "      <td>0.045631</td>\n",
       "      <td>0.045631</td>\n",
       "      <td>0.036069</td>\n",
       "    </tr>\n",
       "    <tr>\n",
       "      <th>attribute5</th>\n",
       "      <td>-0.003370</td>\n",
       "      <td>-0.013999</td>\n",
       "      <td>-0.006696</td>\n",
       "      <td>-0.009773</td>\n",
       "      <td>1.000000</td>\n",
       "      <td>-0.017051</td>\n",
       "      <td>-0.009384</td>\n",
       "      <td>-0.009384</td>\n",
       "      <td>0.005949</td>\n",
       "    </tr>\n",
       "    <tr>\n",
       "      <th>attribute6</th>\n",
       "      <td>-0.001516</td>\n",
       "      <td>-0.026350</td>\n",
       "      <td>0.009027</td>\n",
       "      <td>0.024870</td>\n",
       "      <td>-0.017051</td>\n",
       "      <td>1.000000</td>\n",
       "      <td>-0.012207</td>\n",
       "      <td>-0.012207</td>\n",
       "      <td>0.021152</td>\n",
       "    </tr>\n",
       "    <tr>\n",
       "      <th>attribute7</th>\n",
       "      <td>0.000151</td>\n",
       "      <td>0.141367</td>\n",
       "      <td>-0.001884</td>\n",
       "      <td>0.045631</td>\n",
       "      <td>-0.009384</td>\n",
       "      <td>-0.012207</td>\n",
       "      <td>1.000000</td>\n",
       "      <td>1.000000</td>\n",
       "      <td>0.006861</td>\n",
       "    </tr>\n",
       "    <tr>\n",
       "      <th>attribute8</th>\n",
       "      <td>0.000151</td>\n",
       "      <td>0.141367</td>\n",
       "      <td>-0.001884</td>\n",
       "      <td>0.045631</td>\n",
       "      <td>-0.009384</td>\n",
       "      <td>-0.012207</td>\n",
       "      <td>1.000000</td>\n",
       "      <td>1.000000</td>\n",
       "      <td>0.006861</td>\n",
       "    </tr>\n",
       "    <tr>\n",
       "      <th>attribute9</th>\n",
       "      <td>0.001122</td>\n",
       "      <td>-0.002736</td>\n",
       "      <td>0.532366</td>\n",
       "      <td>0.036069</td>\n",
       "      <td>0.005949</td>\n",
       "      <td>0.021152</td>\n",
       "      <td>0.006861</td>\n",
       "      <td>0.006861</td>\n",
       "      <td>1.000000</td>\n",
       "    </tr>\n",
       "  </tbody>\n",
       "</table>\n",
       "</div>"
      ],
      "text/plain": [
       "            attribute1  attribute2  attribute3  attribute4  attribute5  \\\n",
       "attribute1    1.000000   -0.004248    0.003702    0.001837   -0.003370   \n",
       "attribute2   -0.004248    1.000000   -0.002617    0.146593   -0.013999   \n",
       "attribute3    0.003702   -0.002617    1.000000    0.097452   -0.006696   \n",
       "attribute4    0.001837    0.146593    0.097452    1.000000   -0.009773   \n",
       "attribute5   -0.003370   -0.013999   -0.006696   -0.009773    1.000000   \n",
       "attribute6   -0.001516   -0.026350    0.009027    0.024870   -0.017051   \n",
       "attribute7    0.000151    0.141367   -0.001884    0.045631   -0.009384   \n",
       "attribute8    0.000151    0.141367   -0.001884    0.045631   -0.009384   \n",
       "attribute9    0.001122   -0.002736    0.532366    0.036069    0.005949   \n",
       "\n",
       "            attribute6  attribute7  attribute8  attribute9  \n",
       "attribute1   -0.001516    0.000151    0.000151    0.001122  \n",
       "attribute2   -0.026350    0.141367    0.141367   -0.002736  \n",
       "attribute3    0.009027   -0.001884   -0.001884    0.532366  \n",
       "attribute4    0.024870    0.045631    0.045631    0.036069  \n",
       "attribute5   -0.017051   -0.009384   -0.009384    0.005949  \n",
       "attribute6    1.000000   -0.012207   -0.012207    0.021152  \n",
       "attribute7   -0.012207    1.000000    1.000000    0.006861  \n",
       "attribute8   -0.012207    1.000000    1.000000    0.006861  \n",
       "attribute9    0.021152    0.006861    0.006861    1.000000  "
      ]
     },
     "execution_count": 7,
     "metadata": {},
     "output_type": "execute_result"
    }
   ],
   "source": [
    "data_1.corr('pearson')\n",
    "#attribute7 and attribute8 have correlation of 1 "
   ]
  },
  {
   "cell_type": "code",
   "execution_count": 8,
   "metadata": {},
   "outputs": [
    {
     "data": {
      "text/plain": [
       "True"
      ]
     },
     "execution_count": 8,
     "metadata": {},
     "output_type": "execute_result"
    }
   ],
   "source": [
    "#Check if attribute 7 and 8 are the same\n",
    "    #Hinted by the same number of unique values, correlation, mean, std, max, min\n",
    "data_1.attribute7.equals(data_1.attribute8) #True"
   ]
  },
  {
   "cell_type": "code",
   "execution_count": 9,
   "metadata": {},
   "outputs": [
    {
     "data": {
      "text/html": [
       "<div>\n",
       "<style scoped>\n",
       "    .dataframe tbody tr th:only-of-type {\n",
       "        vertical-align: middle;\n",
       "    }\n",
       "\n",
       "    .dataframe tbody tr th {\n",
       "        vertical-align: top;\n",
       "    }\n",
       "\n",
       "    .dataframe thead th {\n",
       "        text-align: right;\n",
       "    }\n",
       "</style>\n",
       "<table border=\"1\" class=\"dataframe\">\n",
       "  <thead>\n",
       "    <tr style=\"text-align: right;\">\n",
       "      <th></th>\n",
       "      <th>attribute1</th>\n",
       "      <th>attribute2</th>\n",
       "      <th>attribute3</th>\n",
       "      <th>attribute4</th>\n",
       "      <th>attribute5</th>\n",
       "      <th>attribute6</th>\n",
       "      <th>attribute7</th>\n",
       "      <th>attribute8</th>\n",
       "      <th>attribute9</th>\n",
       "    </tr>\n",
       "  </thead>\n",
       "  <tbody>\n",
       "    <tr>\n",
       "      <th>attribute1</th>\n",
       "      <td>1.000000</td>\n",
       "      <td>-0.001242</td>\n",
       "      <td>0.002445</td>\n",
       "      <td>0.001612</td>\n",
       "      <td>-0.005340</td>\n",
       "      <td>-0.002675</td>\n",
       "      <td>-0.002488</td>\n",
       "      <td>-0.002488</td>\n",
       "      <td>-0.003403</td>\n",
       "    </tr>\n",
       "    <tr>\n",
       "      <th>attribute2</th>\n",
       "      <td>-0.001242</td>\n",
       "      <td>1.000000</td>\n",
       "      <td>-0.018861</td>\n",
       "      <td>0.225402</td>\n",
       "      <td>-0.026553</td>\n",
       "      <td>-0.077459</td>\n",
       "      <td>0.109032</td>\n",
       "      <td>0.109032</td>\n",
       "      <td>-0.029440</td>\n",
       "    </tr>\n",
       "    <tr>\n",
       "      <th>attribute3</th>\n",
       "      <td>0.002445</td>\n",
       "      <td>-0.018861</td>\n",
       "      <td>1.000000</td>\n",
       "      <td>0.121178</td>\n",
       "      <td>0.107308</td>\n",
       "      <td>0.070261</td>\n",
       "      <td>-0.009792</td>\n",
       "      <td>-0.009792</td>\n",
       "      <td>0.390228</td>\n",
       "    </tr>\n",
       "    <tr>\n",
       "      <th>attribute4</th>\n",
       "      <td>0.001612</td>\n",
       "      <td>0.225402</td>\n",
       "      <td>0.121178</td>\n",
       "      <td>1.000000</td>\n",
       "      <td>-0.021112</td>\n",
       "      <td>0.012201</td>\n",
       "      <td>0.162909</td>\n",
       "      <td>0.162909</td>\n",
       "      <td>0.049115</td>\n",
       "    </tr>\n",
       "    <tr>\n",
       "      <th>attribute5</th>\n",
       "      <td>-0.005340</td>\n",
       "      <td>-0.026553</td>\n",
       "      <td>0.107308</td>\n",
       "      <td>-0.021112</td>\n",
       "      <td>1.000000</td>\n",
       "      <td>0.083616</td>\n",
       "      <td>-0.019578</td>\n",
       "      <td>-0.019578</td>\n",
       "      <td>0.033741</td>\n",
       "    </tr>\n",
       "    <tr>\n",
       "      <th>attribute6</th>\n",
       "      <td>-0.002675</td>\n",
       "      <td>-0.077459</td>\n",
       "      <td>0.070261</td>\n",
       "      <td>0.012201</td>\n",
       "      <td>0.083616</td>\n",
       "      <td>1.000000</td>\n",
       "      <td>-0.016172</td>\n",
       "      <td>-0.016172</td>\n",
       "      <td>0.090333</td>\n",
       "    </tr>\n",
       "    <tr>\n",
       "      <th>attribute7</th>\n",
       "      <td>-0.002488</td>\n",
       "      <td>0.109032</td>\n",
       "      <td>-0.009792</td>\n",
       "      <td>0.162909</td>\n",
       "      <td>-0.019578</td>\n",
       "      <td>-0.016172</td>\n",
       "      <td>1.000000</td>\n",
       "      <td>1.000000</td>\n",
       "      <td>-0.017937</td>\n",
       "    </tr>\n",
       "    <tr>\n",
       "      <th>attribute8</th>\n",
       "      <td>-0.002488</td>\n",
       "      <td>0.109032</td>\n",
       "      <td>-0.009792</td>\n",
       "      <td>0.162909</td>\n",
       "      <td>-0.019578</td>\n",
       "      <td>-0.016172</td>\n",
       "      <td>1.000000</td>\n",
       "      <td>1.000000</td>\n",
       "      <td>-0.017937</td>\n",
       "    </tr>\n",
       "    <tr>\n",
       "      <th>attribute9</th>\n",
       "      <td>-0.003403</td>\n",
       "      <td>-0.029440</td>\n",
       "      <td>0.390228</td>\n",
       "      <td>0.049115</td>\n",
       "      <td>0.033741</td>\n",
       "      <td>0.090333</td>\n",
       "      <td>-0.017937</td>\n",
       "      <td>-0.017937</td>\n",
       "      <td>1.000000</td>\n",
       "    </tr>\n",
       "  </tbody>\n",
       "</table>\n",
       "</div>"
      ],
      "text/plain": [
       "            attribute1  attribute2  attribute3  attribute4  attribute5  \\\n",
       "attribute1    1.000000   -0.001242    0.002445    0.001612   -0.005340   \n",
       "attribute2   -0.001242    1.000000   -0.018861    0.225402   -0.026553   \n",
       "attribute3    0.002445   -0.018861    1.000000    0.121178    0.107308   \n",
       "attribute4    0.001612    0.225402    0.121178    1.000000   -0.021112   \n",
       "attribute5   -0.005340   -0.026553    0.107308   -0.021112    1.000000   \n",
       "attribute6   -0.002675   -0.077459    0.070261    0.012201    0.083616   \n",
       "attribute7   -0.002488    0.109032   -0.009792    0.162909   -0.019578   \n",
       "attribute8   -0.002488    0.109032   -0.009792    0.162909   -0.019578   \n",
       "attribute9   -0.003403   -0.029440    0.390228    0.049115    0.033741   \n",
       "\n",
       "            attribute6  attribute7  attribute8  attribute9  \n",
       "attribute1   -0.002675   -0.002488   -0.002488   -0.003403  \n",
       "attribute2   -0.077459    0.109032    0.109032   -0.029440  \n",
       "attribute3    0.070261   -0.009792   -0.009792    0.390228  \n",
       "attribute4    0.012201    0.162909    0.162909    0.049115  \n",
       "attribute5    0.083616   -0.019578   -0.019578    0.033741  \n",
       "attribute6    1.000000   -0.016172   -0.016172    0.090333  \n",
       "attribute7   -0.016172    1.000000    1.000000   -0.017937  \n",
       "attribute8   -0.016172    1.000000    1.000000   -0.017937  \n",
       "attribute9    0.090333   -0.017937   -0.017937    1.000000  "
      ]
     },
     "execution_count": 9,
     "metadata": {},
     "output_type": "execute_result"
    }
   ],
   "source": [
    "data_1.corr('spearman')"
   ]
  },
  {
   "cell_type": "code",
   "execution_count": 10,
   "metadata": {},
   "outputs": [
    {
     "data": {
      "text/html": [
       "<div>\n",
       "<style scoped>\n",
       "    .dataframe tbody tr th:only-of-type {\n",
       "        vertical-align: middle;\n",
       "    }\n",
       "\n",
       "    .dataframe tbody tr th {\n",
       "        vertical-align: top;\n",
       "    }\n",
       "\n",
       "    .dataframe thead th {\n",
       "        text-align: right;\n",
       "    }\n",
       "</style>\n",
       "<table border=\"1\" class=\"dataframe\">\n",
       "  <thead>\n",
       "    <tr style=\"text-align: right;\">\n",
       "      <th></th>\n",
       "      <th>failure</th>\n",
       "      <th>attribute1</th>\n",
       "      <th>attribute2</th>\n",
       "      <th>attribute3</th>\n",
       "      <th>attribute4</th>\n",
       "      <th>attribute5</th>\n",
       "      <th>attribute6</th>\n",
       "      <th>attribute7</th>\n",
       "      <th>attribute8</th>\n",
       "      <th>attribute9</th>\n",
       "    </tr>\n",
       "  </thead>\n",
       "  <tbody>\n",
       "    <tr>\n",
       "      <th>failure</th>\n",
       "      <td>1.000000</td>\n",
       "      <td>0.001973</td>\n",
       "      <td>0.054042</td>\n",
       "      <td>0.003259</td>\n",
       "      <td>0.058183</td>\n",
       "      <td>0.004088</td>\n",
       "      <td>0.002862</td>\n",
       "      <td>0.097104</td>\n",
       "      <td>0.097104</td>\n",
       "      <td>0.004851</td>\n",
       "    </tr>\n",
       "    <tr>\n",
       "      <th>attribute1</th>\n",
       "      <td>0.001973</td>\n",
       "      <td>1.000000</td>\n",
       "      <td>-0.001242</td>\n",
       "      <td>0.002445</td>\n",
       "      <td>0.001612</td>\n",
       "      <td>-0.005340</td>\n",
       "      <td>-0.002675</td>\n",
       "      <td>-0.002488</td>\n",
       "      <td>-0.002488</td>\n",
       "      <td>-0.003403</td>\n",
       "    </tr>\n",
       "    <tr>\n",
       "      <th>attribute2</th>\n",
       "      <td>0.054042</td>\n",
       "      <td>-0.001242</td>\n",
       "      <td>1.000000</td>\n",
       "      <td>-0.018861</td>\n",
       "      <td>0.225402</td>\n",
       "      <td>-0.026553</td>\n",
       "      <td>-0.077459</td>\n",
       "      <td>0.109032</td>\n",
       "      <td>0.109032</td>\n",
       "      <td>-0.029440</td>\n",
       "    </tr>\n",
       "    <tr>\n",
       "      <th>attribute3</th>\n",
       "      <td>0.003259</td>\n",
       "      <td>0.002445</td>\n",
       "      <td>-0.018861</td>\n",
       "      <td>1.000000</td>\n",
       "      <td>0.121178</td>\n",
       "      <td>0.107308</td>\n",
       "      <td>0.070261</td>\n",
       "      <td>-0.009792</td>\n",
       "      <td>-0.009792</td>\n",
       "      <td>0.390228</td>\n",
       "    </tr>\n",
       "    <tr>\n",
       "      <th>attribute4</th>\n",
       "      <td>0.058183</td>\n",
       "      <td>0.001612</td>\n",
       "      <td>0.225402</td>\n",
       "      <td>0.121178</td>\n",
       "      <td>1.000000</td>\n",
       "      <td>-0.021112</td>\n",
       "      <td>0.012201</td>\n",
       "      <td>0.162909</td>\n",
       "      <td>0.162909</td>\n",
       "      <td>0.049115</td>\n",
       "    </tr>\n",
       "    <tr>\n",
       "      <th>attribute5</th>\n",
       "      <td>0.004088</td>\n",
       "      <td>-0.005340</td>\n",
       "      <td>-0.026553</td>\n",
       "      <td>0.107308</td>\n",
       "      <td>-0.021112</td>\n",
       "      <td>1.000000</td>\n",
       "      <td>0.083616</td>\n",
       "      <td>-0.019578</td>\n",
       "      <td>-0.019578</td>\n",
       "      <td>0.033741</td>\n",
       "    </tr>\n",
       "    <tr>\n",
       "      <th>attribute6</th>\n",
       "      <td>0.002862</td>\n",
       "      <td>-0.002675</td>\n",
       "      <td>-0.077459</td>\n",
       "      <td>0.070261</td>\n",
       "      <td>0.012201</td>\n",
       "      <td>0.083616</td>\n",
       "      <td>1.000000</td>\n",
       "      <td>-0.016172</td>\n",
       "      <td>-0.016172</td>\n",
       "      <td>0.090333</td>\n",
       "    </tr>\n",
       "    <tr>\n",
       "      <th>attribute7</th>\n",
       "      <td>0.097104</td>\n",
       "      <td>-0.002488</td>\n",
       "      <td>0.109032</td>\n",
       "      <td>-0.009792</td>\n",
       "      <td>0.162909</td>\n",
       "      <td>-0.019578</td>\n",
       "      <td>-0.016172</td>\n",
       "      <td>1.000000</td>\n",
       "      <td>1.000000</td>\n",
       "      <td>-0.017937</td>\n",
       "    </tr>\n",
       "    <tr>\n",
       "      <th>attribute8</th>\n",
       "      <td>0.097104</td>\n",
       "      <td>-0.002488</td>\n",
       "      <td>0.109032</td>\n",
       "      <td>-0.009792</td>\n",
       "      <td>0.162909</td>\n",
       "      <td>-0.019578</td>\n",
       "      <td>-0.016172</td>\n",
       "      <td>1.000000</td>\n",
       "      <td>1.000000</td>\n",
       "      <td>-0.017937</td>\n",
       "    </tr>\n",
       "    <tr>\n",
       "      <th>attribute9</th>\n",
       "      <td>0.004851</td>\n",
       "      <td>-0.003403</td>\n",
       "      <td>-0.029440</td>\n",
       "      <td>0.390228</td>\n",
       "      <td>0.049115</td>\n",
       "      <td>0.033741</td>\n",
       "      <td>0.090333</td>\n",
       "      <td>-0.017937</td>\n",
       "      <td>-0.017937</td>\n",
       "      <td>1.000000</td>\n",
       "    </tr>\n",
       "  </tbody>\n",
       "</table>\n",
       "</div>"
      ],
      "text/plain": [
       "             failure  attribute1  attribute2  attribute3  attribute4  \\\n",
       "failure     1.000000    0.001973    0.054042    0.003259    0.058183   \n",
       "attribute1  0.001973    1.000000   -0.001242    0.002445    0.001612   \n",
       "attribute2  0.054042   -0.001242    1.000000   -0.018861    0.225402   \n",
       "attribute3  0.003259    0.002445   -0.018861    1.000000    0.121178   \n",
       "attribute4  0.058183    0.001612    0.225402    0.121178    1.000000   \n",
       "attribute5  0.004088   -0.005340   -0.026553    0.107308   -0.021112   \n",
       "attribute6  0.002862   -0.002675   -0.077459    0.070261    0.012201   \n",
       "attribute7  0.097104   -0.002488    0.109032   -0.009792    0.162909   \n",
       "attribute8  0.097104   -0.002488    0.109032   -0.009792    0.162909   \n",
       "attribute9  0.004851   -0.003403   -0.029440    0.390228    0.049115   \n",
       "\n",
       "            attribute5  attribute6  attribute7  attribute8  attribute9  \n",
       "failure       0.004088    0.002862    0.097104    0.097104    0.004851  \n",
       "attribute1   -0.005340   -0.002675   -0.002488   -0.002488   -0.003403  \n",
       "attribute2   -0.026553   -0.077459    0.109032    0.109032   -0.029440  \n",
       "attribute3    0.107308    0.070261   -0.009792   -0.009792    0.390228  \n",
       "attribute4   -0.021112    0.012201    0.162909    0.162909    0.049115  \n",
       "attribute5    1.000000    0.083616   -0.019578   -0.019578    0.033741  \n",
       "attribute6    0.083616    1.000000   -0.016172   -0.016172    0.090333  \n",
       "attribute7   -0.019578   -0.016172    1.000000    1.000000   -0.017937  \n",
       "attribute8   -0.019578   -0.016172    1.000000    1.000000   -0.017937  \n",
       "attribute9    0.033741    0.090333   -0.017937   -0.017937    1.000000  "
      ]
     },
     "execution_count": 10,
     "metadata": {},
     "output_type": "execute_result"
    }
   ],
   "source": [
    "data.corr('spearman')"
   ]
  },
  {
   "cell_type": "code",
   "execution_count": 11,
   "metadata": {
    "collapsed": true
   },
   "outputs": [],
   "source": [
    "#Check if attributes are categorical features based on number of unique values\n",
    "\n",
    "#len(data_1.attribute1.value_counts()) = 123878\n",
    "    #numerical\n",
    "#len(data_1.attribute2.value_counts()) = 558\n",
    "    #numerical\n",
    "#len(data_1.attribute3.value_counts()) = 47\n",
    "    #categorical\n",
    "#len(data_1.attribute4.value_counts()) = 115\n",
    "    #numerical\n",
    "#len(data_1.attribute5.value_counts()) = 60\n",
    "    #categorical\n",
    "#len(data_1.attribute6.value_counts()) = 44838\n",
    "    #numerical\n",
    "#len(data_1.attribute7.value_counts()) = 28\n",
    "    #categorical\n",
    "#len(data_1.attribute8.value_counts()) = 28\n",
    "    #categorical\n",
    "#len(data_1.attribute9.value_counts()) = 65\n",
    "    #categorical"
   ]
  },
  {
   "cell_type": "markdown",
   "metadata": {},
   "source": [
    "# Manipulate Data"
   ]
  },
  {
   "cell_type": "code",
   "execution_count": 12,
   "metadata": {
    "collapsed": true
   },
   "outputs": [],
   "source": [
    "#Remove attribute8 (duplicate data)\n",
    "data = data.drop('attribute8',axis=1)"
   ]
  },
  {
   "cell_type": "code",
   "execution_count": 13,
   "metadata": {
    "collapsed": true
   },
   "outputs": [],
   "source": [
    "#Convert date to year, month, and day features\n",
    "import datetime as dt\n",
    "dates = pd.DataFrame()\n",
    "dates = pd.to_datetime(data.date)\n",
    "date_conv = pd.DataFrame({'year':dates.dt.year,'month':dates.dt.month,'day':dates.dt.day})"
   ]
  },
  {
   "cell_type": "code",
   "execution_count": 14,
   "metadata": {},
   "outputs": [
    {
     "data": {
      "text/html": [
       "<div>\n",
       "<style scoped>\n",
       "    .dataframe tbody tr th:only-of-type {\n",
       "        vertical-align: middle;\n",
       "    }\n",
       "\n",
       "    .dataframe tbody tr th {\n",
       "        vertical-align: top;\n",
       "    }\n",
       "\n",
       "    .dataframe thead th {\n",
       "        text-align: right;\n",
       "    }\n",
       "</style>\n",
       "<table border=\"1\" class=\"dataframe\">\n",
       "  <thead>\n",
       "    <tr style=\"text-align: right;\">\n",
       "      <th></th>\n",
       "      <th>day</th>\n",
       "      <th>month</th>\n",
       "      <th>year</th>\n",
       "    </tr>\n",
       "  </thead>\n",
       "  <tbody>\n",
       "    <tr>\n",
       "      <th>0</th>\n",
       "      <td>1</td>\n",
       "      <td>1</td>\n",
       "      <td>2015</td>\n",
       "    </tr>\n",
       "    <tr>\n",
       "      <th>1</th>\n",
       "      <td>1</td>\n",
       "      <td>1</td>\n",
       "      <td>2015</td>\n",
       "    </tr>\n",
       "    <tr>\n",
       "      <th>2</th>\n",
       "      <td>1</td>\n",
       "      <td>1</td>\n",
       "      <td>2015</td>\n",
       "    </tr>\n",
       "    <tr>\n",
       "      <th>3</th>\n",
       "      <td>1</td>\n",
       "      <td>1</td>\n",
       "      <td>2015</td>\n",
       "    </tr>\n",
       "    <tr>\n",
       "      <th>4</th>\n",
       "      <td>1</td>\n",
       "      <td>1</td>\n",
       "      <td>2015</td>\n",
       "    </tr>\n",
       "  </tbody>\n",
       "</table>\n",
       "</div>"
      ],
      "text/plain": [
       "   day  month  year\n",
       "0    1      1  2015\n",
       "1    1      1  2015\n",
       "2    1      1  2015\n",
       "3    1      1  2015\n",
       "4    1      1  2015"
      ]
     },
     "execution_count": 14,
     "metadata": {},
     "output_type": "execute_result"
    }
   ],
   "source": [
    "date_conv.head()"
   ]
  },
  {
   "cell_type": "code",
   "execution_count": 15,
   "metadata": {},
   "outputs": [
    {
     "data": {
      "text/html": [
       "<div>\n",
       "<style scoped>\n",
       "    .dataframe tbody tr th:only-of-type {\n",
       "        vertical-align: middle;\n",
       "    }\n",
       "\n",
       "    .dataframe tbody tr th {\n",
       "        vertical-align: top;\n",
       "    }\n",
       "\n",
       "    .dataframe thead th {\n",
       "        text-align: right;\n",
       "    }\n",
       "</style>\n",
       "<table border=\"1\" class=\"dataframe\">\n",
       "  <thead>\n",
       "    <tr style=\"text-align: right;\">\n",
       "      <th></th>\n",
       "      <th>date</th>\n",
       "      <th>device</th>\n",
       "      <th>failure</th>\n",
       "      <th>attribute1</th>\n",
